id,saleprice
2658,162762.38265664646
2718,165920.62184656368
2414,229700.0988493528
1989,125476.43451474572
625,156811.01300941495
333,84094.81191688322
1327,118591.19972350067
858,154854.33922638852
95,203762.21029206703
1568,155576.278128559
2482,142039.43895395088
1364,122199.76722340388
2584,162052.89126404005
818,247500.1305813662
2673,160039.225907456
2089,101597.79067868393
1297,157434.40353119245
790,117997.2771782715
2616,184352.52181651676
720,196296.6306963602
222,147458.49333005774
557,121639.24552177364
1148,174151.2744177581
2766,186244.03407403678
534,198277.94966935104
1452,117426.48766254148
630,120196.28054308251
2648,117833.61011390516
125,167775.99126908503
1904,47071.97460184664
1670,122183.49549010597
756,110462.83194483476
717,249741.423536557
1032,140715.9940419916
852,211958.67525852524
1731,183933.20255623816
2639,95061.11409309949
2071,81824.06466675096
1267,155718.54583853175
1851,210163.29586285166
567,186471.49597991747
2439,217620.5794771496
1898,149809.43692892793
647,153602.35753603853
2256,204298.31871213904
979,89659.92494520958
1444,225335.73895704176
2485,92193.09726581877
157,121865.88082385561
88,104607.68199544924
2003,116539.49449961743
186,235926.51360723533
1425,250516.96868731698
2695,128297.77349715933
738,103167.13896563361
395,163396.88631090012
1353,167115.52460014194
1878,131555.86478274222
390,151037.62033487388
1456,228301.50319008686
1103,295572.6484748359
1387,99959.92440600047
2070,136250.78939942195
1199,193951.54044562482
2479,176445.85933579924
501,285024.72949170554
2362,92934.10885027779
1718,215985.10301983607
2188,56870.83793325248
1483,164803.74433121496
2557,80366.4305981723
437,383618.4845510022
2224,196067.0640086685
1628,182110.98984422022
397,127363.08593640581
587,194679.88445255195
971,146413.86981143904
2611,129619.29383671551
1887,106154.17129419808
2399,355491.5976073084
2148,197558.0157675868
304,134923.96927548788
1997,123181.8099493637
2817,94145.78309241662
1431,218862.70777098875
427,362231.20105960366
263,118315.91785105926
598,173303.05695406874
2895,231489.18481609516
687,154717.1150923738
1822,127670.55930160824
2191,91194.13773479394
179,132718.58309637127
1009,224749.069916951
2010,117396.7261608291
1991,146776.76873085287
1411,168616.9726600281
1721,253017.44616958016
1144,196010.81752576516
593,229842.1241006269
575,319684.09459813894
1249,186212.02073954462
1604,119900.32660022576
1064,408160.0720457942
1923,137491.6024866067
1988,121062.8383163762
2325,157171.8558153355
114,208191.66738750692
2700,170731.7397496765
217,114692.91714918212
343,158731.21189059218
386,232754.62694959337
2005,99416.00032189302
2908,166555.83965595462
1814,230943.32427696645
2446,464740.71870122623
208,161387.50923153316
1679,111688.01626479905
822,302908.16917474044
6,174440.48307330543
1781,355979.3643364831
2397,316864.2241915975
2340,304306.6208703846
1618,185064.007547282
2843,151070.99140078443
1061,371461.0483144698
2786,112176.7632823661
1935,127164.50433517
1341,109290.59342973004
521,284452.2384625606
2136,114897.17339930852
996,186927.0031979599
227,149820.49924865327
135,193769.41096520273
1167,140801.61962681453
294,214906.99866762996
1776,225851.48148587957
540,171729.84230485756
1717,215981.97419618466
2303,138366.8702691135
116,175827.5790999546
127,136743.8262141923
1371,133649.912267865
1014,142842.49765077198
1507,79614.02658412475
702,133155.73182436227
750,159697.63080381713
261,149431.30866122182
1559,57896.35677201433
577,235296.58138733107
2812,216588.732481585
2080,167884.77794392683
1368,106689.24197293719
2376,120637.91324089657
659,125456.90901994743
1235,123580.4991213026
332,71249.87767139178
1917,146987.19224691327
2094,254410.5368544921
1460,268637.7794951623
1471,194748.52577128253
1509,118910.76878882205
1922,123310.85870807097
433,439704.3685235075
460,283970.6180072531
1116,239467.47719852475
1137,154382.55005057994
53,185740.93266145088
2354,261327.86754665227
1475,206015.05891150853
1761,494355.9618838794
842,130295.12194314768
2739,161691.52699493384
2509,160250.90408195686
1007,214056.64357173425
2610,187977.6659911507
1952,95945.89776348154
2719,158553.23924844165
2921,76174.39878432633
1966,121559.76044377265
292,114317.46207015292
1204,183355.19257776448
1829,281646.7704060387
2419,197879.63686346274
391,146479.33802958252
798,132810.64431112667
481,191203.32316704898
193,200816.54570278665
555,122667.70968614155
899,65175.72965456573
2357,176881.58503832427
328,112276.37166751898
1356,98366.4056837979
1154,115242.94611608723
1730,172619.14339861745
2249,157564.43598418488
1119,284368.15140139055
2856,138802.09217648712
1394,154301.26986509128
2587,135021.54513725135
61,317600.4009666102
2661,180220.87650424178
2711,159964.08535581786
1147,174904.74153650255
757,136441.23063890246
2623,101699.32689929477
2378,120206.39955161899
1413,154633.0371197235
1722,246860.40717001952
1112,253917.592285679
1623,171279.541440004
1201,199415.1826967669
1513,101754.53796576709
957,549802.5267508322
1171,240726.16522842675
1145,199105.36679661123
2726,243780.10766501597
703,152062.50457194514
760,89659.04309205676
1964,129969.0759550427
2512,179160.88946276385
159,155029.5537991504
1281,169953.84300319164
468,207103.1537175189
290,123251.94026905767
665,125423.91913230909
1463,277170.20905778575
1792,253973.6024754701
923,142349.3677287229
500,278285.73872580094
1408,175100.79384246803
331,87312.59874684922
170,99287.87141323023
2192,89607.52588535685
2571,300517.78326859674
2314,158342.14552223255
2647,89968.63451364843
422,425086.0322335642
2457,314667.34859730094
1838,203463.83651801653
2805,266810.33040571876
1645,154069.56266214332
1711,331481.99447595596
2825,270414.49555747106
322,338847.51259318687
2103,254601.880116801
342,126032.6250760569
600,109532.03429136425
488,163917.4097086104
1725,314355.26844620495
2246,246229.91895733564
2847,151882.40106226006
806,232843.73350889853
530,258315.9715456561
963,190060.8277999019
2678,101312.06227644079
171,73233.73006153165
2401,402509.2898507589
805,217536.92078675312
2259,241009.5164377744
1748,187985.31409919303
1361,155305.8738421766
1677,108429.23646474013
1406,142504.05796346357
2322,266969.0969587158
688,171847.9707669831
143,143100.55298974167
804,201474.28213748516
1214,164405.4778152376
2828,164035.03613345601
1999,184441.02192228142
2467,230659.88685949828
2665,178322.7113458214
1538,363904.27004199836
398,112494.32318305789
2822,147524.9907417436
2157,156437.34184902642
1856,203121.47901438375
1269,86608.4337735496
2570,115847.96824638601
2320,241997.85882143048
1517,147193.94588801582
2304,141541.71099895926
1312,101873.77576877104
2012,140270.5731170283
506,265352.5532981551
2865,223276.24424995162
2367,94294.41468169284
554,69997.95763518527
238,143858.63048202745
1954,118401.48815097517
2488,132000.4854913114
2291,62305.42126378002
1969,85983.11910056334
2725,143840.59654106473
1482,157878.35363352296
2763,221412.31428189372
503,248302.57078576053
1584,244195.202107365
1531,144184.27615266314
2210,172348.58193339963
459,320359.758546697
556,126440.38164963253
1347,139739.9991102732
1290,76784.11200029228
1388,105467.30521211168
1571,435564.030890454
2754,212919.78705957026
765,138440.42884811474
2494,123498.88472572117
2870,208020.24053986405
7,243759.64160614193
1114,229151.54080803238
2418,290763.2809370366
291,168089.52568230274
18,342912.4374588849
39,356181.0373972986
1001,274810.074260515
2442,242876.0570921942
616,131449.45353732654
2680,87571.04122733523
1414,119364.59188399409
289,144694.75107280762
40,295786.295938102
860,112454.43249956414
409,113144.25512305688
673,168015.72270295
2427,190990.1373433625
2036,215694.68830088363
2564,140127.59709898455
642,151586.05269853686
1008,179885.46700722742
1908,144215.73532763257
2519,192347.0486906735
1369,84729.95856288113
2855,155194.72357633436
712,110226.34207725318
1943,106548.74801251624
1958,115313.31876400518
107,184551.69193578
2295,210711.49467793514
704,115549.51212100161
676,154810.71912092742
259,176825.8502526955
93,273628.7035895818
106,244372.8186512643
2315,174225.63184444344
1050,113367.28842365707
1095,203028.35141596635
2709,149803.16066792066
758,132519.23663907166
1496,170840.0950070446
2370,117971.72609376285
2458,240357.70715583174
2733,117356.25617835097
161,331804.1247795017
726,155375.37079438745
845,211028.84155757364
947,264681.6087509241
2232,102558.96980859805
2563,149266.08737886112
2299,172323.60987138838
211,60519.75611177302
605,160922.04035469936
1478,218636.63667877996
2247,246325.9840618574
2274,228795.4564395683
2869,195178.2393863588
967,247727.19873577944
2656,106144.90395498552
667,223443.29971600295
1042,105802.59630573174
2023,170953.57628267593
2447,359738.6802755766
2055,138277.8614178859
2275,294583.0545346602
2204,166702.03174963457
1563,244760.0254315337
483,217265.45235365658
796,122598.09195304962
1526,160216.8803738289
2042,135304.87865072675
442,343943.17089327995
1693,355786.9714171417
1468,212424.05529984826
1430,207371.4828179641
2605,148685.2462746678
1529,189074.00620133703
335,163469.01170636952
1287,129615.07023706034
31,92330.44953168015
1785,272650.39548629994
82,152029.26218021906
2620,146684.7219160497
252,192964.65088096212
721,51742.28645943338
2165,181363.01500811012
2316,171643.5613428976
775,142726.65004492126
1558,100763.80649093213
17,238102.9304327825
1022,217834.3921232585
925,110124.89498564077
438,312009.92682947876
1270,111758.57597130715
1272,114214.84609287899
215,132282.61576964828
266,226636.2283028346
2402,316530.5968819566
1250,148917.2156164581
1984,104853.01608261958
1279,157845.14821989977
377,268815.35558048997
1252,101369.4189032247
2156,240700.74030493107
499,305738.42664693005
1374,136566.92992465245
2898,259209.79372583708
401,124088.42464738112
2721,134524.8829643498
2078,222199.86909141456
2589,119554.76087456636
1946,272717.35536221776
1334,116304.15108344948
2781,220216.40707298438
431,368194.92778944783
576,208735.3555707258
1474,208756.36078513582
2254,168012.22594632368
2155,254244.02061293658
885,91121.24856003464
643,134970.69290790582
1944,138960.0955372156
480,209920.2665414174
2845,106627.64972521353
2387,355566.8888307941
2407,222449.48613215936
2527,156857.72132232678
2514,159004.2245408519
629,133408.17968048892
80,199941.77608231513
1876,128973.54323020668
1546,132669.12719277656
2518,172175.9502790044
2347,171102.83714987495
783,236737.6163702634
1322,32550.096993918487
194,84970.10458580422
1770,282606.72329458024
2143,111451.97528143163
1229,225268.22160002048
511,276020.87864798564
46,241886.46414752718
1348,141354.47369426116
2465,222396.9135581691
387,244930.34930997505
873,200031.87014582034
1918,105594.39724480794
2764,231878.43096904125
2184,127545.39382872029
934,144153.63851363683
1920,117731.91635651383
2631,166131.38413050564
1768,519125.0615291301
2040,105132.50471695294
1749,245193.02711817453
834,246922.9626061016
1457,241341.63295445434
79,92982.56653400493
2302,143610.5748549534
1817,142800.58906942268
2755,238959.0645240295
359,160222.27809913913
2059,120192.10587704729
2092,242710.49464285548
2516,232708.67279782833
150,130886.52251099065
1656,120941.53077905581
83,82988.08460820187
2411,167979.73103962312
795,72607.33740536899
2312,237341.67211318307
2917,110587.04234619736
1624,187562.79695512526
2215,293607.1038384919
1211,149351.0329315667
1485,159074.0991767041
1024,152894.22643950477
570,184987.86703601654
2874,142720.70781160065
700,141412.0127450014
2756,221574.9515474426
2022,192100.79954685
583,237151.8175869836
2392,361957.69684399426
2424,185558.50940748252
212,99697.88531600678
736,131518.44824749322
1610,179993.45695861056
890,104488.88444643005
467,188433.08523977362
578,257501.1104512498
1747,211477.82402608695
1149,144769.28820808855
2758,223160.57598106383
857,120255.82843622964
2219,251657.88875464362
733,110250.84019719184
2909,126309.28272030794
1798,290793.4181618909
235,117147.42763868073
2366,125128.46175643173
1027,126559.98495422132
1195,147112.321195008
1303,50078.16338783185
148,162576.62756042302
608,136924.2246665012
2515,216626.8924311981
821,271945.39899218717
2500,285665.2039685565
745,99762.84202189819
741,144771.51274942205
1611,169930.09845140154
2532,124791.01117461536
1081,216956.01945939276
1692,422190.0928702746
2520,186507.72578606725
276,114307.50960952826
1992,157699.1919133155
663,22940.056423925766
418,114802.9490586425
1733,203918.9390406136
2359,132615.60023216612
253,204015.2539691799
1518,188354.5692062082
2035,153951.1324258999
2919,66479.95248012767
1540,241313.8107353705
2120,139410.12797016834
1674,180495.34402629966
256,160465.01746955127
2361,102528.67039447723
978,81952.89769046288
2280,161624.78793246206
2095,240581.98098561476
1709,355866.74417716096
2801,239399.79064314236
1246,128402.8529054758
2373,98270.03996080178
1055,293422.5478499995
2017,128621.20652852979
1099,266746.5659132874
1344,64573.38602338321
835,233080.5688663809
1117,240359.61150250694
2043,86709.86440459325
2085,106660.8408236331
410,134320.12412738585
2650,123281.98701322588
2867,174509.63750892537
1668,120442.50697942378
1161,179991.20837567927
2122,171045.1055709942
2539,158366.41715371917
1047,122884.58831874409
1445,124778.8806059999
541,123056.91190653743
569,204058.98918551067
1276,125758.83502534556
918,145068.65867039032
326,168889.7273894137
1936,131432.04740646092
895,88971.07821776188
257,144928.4207388094
1241,178979.58056306816
1545,115649.19313784732
1189,176840.76451343947
270,157878.35363352296
2066,190943.59269486886
693,110793.53844589696
1259,163658.51717396188
2916,151359.28748370678
2321,278312.89853811474
1977,71788.52706520088
1895,149108.11005273534
1240,151013.98311056168
85,156840.6310104715
1823,97059.28992412507
825,263603.98870806023
110,219758.67992926994
697,143254.67573245277
2297,128628.75995566166
1231,131418.69780793885
1355,123561.62117382008
968,321174.8402104724
584,253371.8047218257
1315,142563.38809720922
1606,154017.30311029145
206,99371.052190046
1685,355439.3720116443
2016,131059.41333428226
869,223954.75725567737
2135,125246.76201368833
2346,181723.08844857189
2430,218467.84430009068
2198,93448.94516130415
2652,141529.65113839554
27,115875.11188403546
241,191322.97184059414
906,97493.32696849629
1506,123801.7870134591
2098,346082.34315989283
1435,200975.57831662908
2213,103265.58342682058
1274,135925.98811630666
743,5479.197985706829
1737,209539.01631509064
2797,270330.18658019404
2185,48922.11618333064
58,160222.83126969895
830,205380.74846631294
808,102901.57144756443
680,140671.51147550822
1153,102972.11425469964
1291,155404.0941666493
1818,133051.85212144494
2161,199612.1874023118
1883,115195.46867135094
350,338728.20651556534
2473,137416.8757612151
295,181513.23335354618
293,187711.18308305147
859,125393.7777513871
288,46795.27445430524
1578,173846.03797122676
102,170316.25430576428
2831,147609.5788305844
1030,155985.4151466003
2551,142032.64438399926
1286,145599.5204439907
958,310974.736025774
776,149966.1657535188
72,217344.08359032433
2263,271290.45040036086
1866,173282.17277942735
2876,65465.59585416247
2146,254964.3727943882
103,165835.1902672219
1500,163382.13072086332
492,181370.76345564736
167,126242.33027693367
2597,121752.10199208205
2685,101347.85755723607
1035,149767.01173321917
1220,62471.83968495781
2602,155009.81582770485
2159,220283.62099893752
695,142088.61528093272
1109,251306.6226279763
640,193186.47305583334
1652,151358.69344054125
2090,185536.65458382183
1188,166461.56291381037
2345,258780.25765407685
1059,406353.68814054405
2751,237777.03481552546
128,216495.3580714261
1523,165575.32028633435
2925,156638.76240310137
2145,257517.6334800989
1121,232819.90848816774
566,269257.1873455685
565,247067.807823029
1331,141190.1158247782
2928,142661.50612534967
156,133296.3087443241
797,130757.32538038443
327,77606.59708850487
2859,140897.61491793036
1453,117371.4157844884
1762,322376.6475271118
1868,189315.6780989739
1760,168288.3595387908
1113,239469.41088666645
1812,199818.7695761721
117,160033.60397450114
1142,179342.12007813045
2342,380781.25207717903
927,127427.04567303963
2478,183502.30659975897
655,86088.94047530644
2064,120152.96692191012
369,290095.25766648777
2239,106346.56559312282
2732,202588.02418417152
1653,158892.63562282597
959,256100.9095827269
2395,355170.62604092
1412,117284.43376637311
271,234371.60175182828
1484,157897.12657543123
1497,143292.12294482585
552,157586.75563431476
2,128683.68774809537
1855,264993.58960225363
4,240174.73969983746
2292,170020.24587646968
134,124769.57705397095
646,115485.08272271327
42,329195.56853999174
532,226621.08703797404
713,93624.44954827212
2561,119414.21987677563
2360,141076.68316421556
1333,123451.49603755178
1407,253521.05640543846
2892,322476.4018670193
574,199197.85302697227
1227,184934.7242097433
2591,225188.82866902382
1476,197915.20529987637
1125,267099.7113211271
1446,143519.6992719698
408,107368.21113357117
1101,300825.56719957944
2251,195915.31275291435
373,166713.9627277087
2554,126349.63863908028
2382,307389.74730521475
1985,82142.46657333436
519,240339.95648912928
1093,179910.56929418948
864,273188.87041105126
2889,164986.15298355412
2308,189448.3590661383
986,168082.99699051122
1302,169051.06729777425
585,161797.85791611808
2708,143530.4709197546
147,130176.4231139092
1441,213352.67243020813
383,201707.1112862356
285,145388.14982399793
181,101309.34698420507
358,197661.1873889417
780,188136.11676380556
258,179931.85657757745
1865,228495.43987307127
692,120495.30955706391
2902,309312.0492837326
508,297678.62104713754
2638,158605.45787090246
36,120532.5144959834
611,187911.36321808322
2281,169365.31868274696
1678,125034.60553722421
1696,413760.2896090349
1557,76063.6085201019
2180,162060.86116673815
1726,233099.89467789314
951,153632.00023455147
267,232895.05384116183
2706,129716.55508618659
2221,201433.03775885183
1357,182041.482637233
2901,299604.74214584334
347,171081.9428056885
2164,201742.21759246712
1586,309710.0868798109
360,142611.84140423147
1769,246496.9088285222
2617,182976.6091865046
1879,133840.74861294642
991,221960.78336615715
1535,117289.34436792484
1191,122575.37977327357
1579,254536.49162589933
1882,153813.09105095407
1510,124470.53042951375
2196,171088.27959569352
1845,169106.63213348237
2336,414197.2253857338
942,111173.3787519875
861,121988.38339289147
2555,103973.98145460768
1392,177302.73642771217
2099,252948.29681704636
1543,118118.61006439038
948,280689.49598153884
1239,155953.1452242791
22,184987.94102457326
2796,222060.70953692275
2747,165216.60977540998
92,287329.3318539469
210,156385.00868013647
1858,221378.47834709426
2228,177773.75102083763
447,266537.84150445735
827,210565.43261979782
1649,219396.77974318154
682,127575.4561059924
2698,112473.43545418038
494,161278.7647641749
214,105113.55459477211
2441,264079.0350830101
2679,98105.6835067207
1336,100960.08131199019
465,186473.4902556702
1524,138414.7335066489
2543,113347.26872281404
631,143476.92152705629
2452,315756.6564393371
228,159066.26263236455
126,140032.5617381679
1092,233257.63993619615
1122,224132.01036443294
932,227456.10982049064
1980,78422.91321470612
2171,102035.25145115942
551,151774.6168759734
2768,157147.34675800163
2056,113617.5317605742
1159,341915.23925216193
2645,141590.76512786385
1174,163997.63687904106
2266,227119.64678402408
2462,346674.0110342774
1219,140290.22601575556
2922,191417.95697311446
118,131192.51951307195
474,172260.11670732952
2576,144046.08304814866
872,262504.758064868
1077,235195.4076603108
1536,126453.24247800029
1150,112156.17990227469
2341,327931.77603588614
1931,154474.6414786323
2785,122287.23637020652
2538,119104.43607573473
597,197658.97811133476
464,221657.12018455705
233,274990.8331357227
2169,145157.24082637348
2123,159401.97688217173
1867,147045.41317553338
137,266011.9563466675
515,241885.36052387865
933,113493.64017471086
2784,163887.73834754105
972,141252.64679630962
599,131730.5576816524
2614,136045.9932239095
2582,148436.54101049507
1409,176682.82027507035
175,110567.15726572866
352,257325.2173752702
976,98919.54849911932
2134,208788.41501317715
984,114033.35382636095
2396,341739.17272271035
1673,145436.5466683146
404,115975.54011516791
607,149462.45476069153
814,128395.43304475473
868,209304.24199456145
2271,194629.5891536651
1633,262154.86737410346
337,203829.54232730228
2765,204489.89280958855
1746,230290.39333783736
368,338524.7887144428
2806,191798.768338347
1662,196667.28218866777
1234,225579.59562190692
1373,130398.88553364226
1672,114457.6634417068
1939,113778.00897902789
